-8
-66
-132
-172
-180
-180
-180
-180
-8
-66
-132
-172
-180
-180
-180
-180
-8
-45
-67
-111
-133
-172
-180
-180
-8
-45
-67
-111
-133
-172
-180
-180
-8
-44
-68
-110
-134
-172
-180
-180
-8
-44
-68
-110
-134
-172
-180
-180
-8
-43
-69
-109
-135
-172
-180
-180
-8
-43
-69
-109
-135
-172
-180
-180
-8
-42
-70
-108
-136
-172
-180
-180
-8
-42
-70
-108
-136
-172
-180
-180
-8
-41
-71
-107
-137
-172
-180
-180
20
-8
-41
-71
-107
-137
-172
-180
20
-8
-40
-72
-106
-138
-172
-180
20
-8
-40
-72
-106
-138
-172
-180
20
-8
-39
-73
-105
-139
-171
-180
20
-8
-39
-73
-105
-139
-171
-180
20
-8
-38
-74
-104
-140
-170
-180
-8
-38
-74
-104
-140
-170
-180
-180
-9
-37
-75
-103
-141
-169
-180
-180
-9
-37
-75
-103
-141
-169
-180
-180
-10
-36
-76
-102
-142
-168
-180
-180
-10
-36
-76
-102
-142
-168
-180
-180
-11
-35
-77
-101
-143
-167
-180
-180
-11
-35
-77
-101
-143
-167
-180
-180
-12
-34
-78
-100
-144
-166
-180
-180
-12
-34
-78
-100
-144
-166
-180
-180
-33
-99
-165
-180
-180
-180
-180
-180
-33
-99
-165
-180
-180
-180
-180
-180