-180
-180
-180
-180
-180
-180
-180
-180
-148
-108
-180
-180
-180
-180
-180
-180
-108
-52
-180
-180
-180
-180
-180
-180
-180
-180
-180
-180
-180
-180
-180
-180
-180
-180
-180
-180
-180
-180
-180
-180
-180
-180
-180
-180
-180
-180
-180
-180
-180
-180
-180
-180
-180
-180
-180
-180
-180
-180
-180
-180
-180
-180
-180
-180
-4
53
-124
-52
-180
-180
-180
-180
-180
-180
-180
-180
-180
-180
-180
-180
-4
53
-124
-52
-180
-180
-180
-180
-180
-180
-180
-180
-180
-180
-180
-180
-180
-180
-180
-180
-180
-180
-180
-180
-180
-180
-180
-180
-180
-180
-180
-180
-180
-180
-180
-180
-180
-180
-180
-180
-180
-180
-180
-180
-180
-180
-180
-180
-4
28
-180
-180
-180
-180
-180
-180
-76
-44
-180
-180
-180
-180
-180
-180
-180
-180
-180
-180
-180
-180
-180
-180
-180
-180
-180
-180
-180
-180
-180
-180
-36
-4
-180
-180
-180
-180
-180
-180
-180
-180
-180
-180
-180
-180
-180
-180
-180
-180
-180
-180
-180
-180
-180
-180
-92
-60
-180
-180
-180
-180
-180
-180
-180
-180
-180
-180
-180
-180
-180
-180
-180
-180
-180
-180
-180
-180
-180
-180
-60
-20
-124
-100
-180
-180
-180
-180
-180
-180
-180
-180
-180
-180
-180
-180