-180
-180
-180
-180
-180
-180
-180
-180
-180
-180
-180
-180
-180
-180
-180
-180
-44
-27
-180
-180
-180
-180
-180
-180
-84
-44
-164
-124
-180
-180
-180
-180
-180
-180
-180
-180
-180
-180
-180
-180
-180
-180
-180
-180
-180
-180
-180
-180
-180
-180
-180
-180
-180
-180
-180
-180
-180
-180
-180
-180
-180
-180
-180
-180
-4
53
-124
-84
-180
-180
-180
-180
-180
-180
-180
-180
-180
-180
-180
-180
-4
53
-84
-44
-164
-124
-180
-180
-180
-180
-180
-180
-180
-180
-180
-180
-180
-180
-180
-180
-180
-180
-180
-180
-180
-180
-180
-180
-180
-180
-180
-180
-180
-180
-180
-180
-180
-180
-180
-180
-180
-180
-180
-180
-180
-180
-180
-180
-4
28
-180
-180
-180
-180
-180
-180
-84
-44
-164
-124
-180
-180
-180
-180
-124
-84
-180
-180
-180
-180
-180
-180
-180
-180
-180
-180
-180
-180
-180
-180
-180
-180
-180
-180
-180
-180
-180
-180
-180
-180
-180
-180
-180
-180
-180
-180
-180
-180
-180
-180
-180
-180
-180
-180
-180
-180
-180
-180
-180
-180
-180
-180
-84
-44
-164
-124
-180
-180
-180
-180
-44
-27
-180
-180
-180
-180
-180
-180
-180
-180
-180
-180
-180
-180
-180
-180
-180
-180
-180
-180
-180
-180
-180
-180