-172
-180
-180
-180
-180
-180
-180
-180
-132
-172
-180
-180
-180
-180
-180
-180
-92
-132
-172
-180
-180
-180
-180
-180
-52
-92
-132
-172
-180
-180
-180
-180
-12
-52
-92
-132
-172
-180
-180
-180
-12
-52
-92
-132
-172
-180
-180
-180
-12
-52
-92
-132
-172
-180
-180
-180
28
-12
-52
-92
-132
-172
-180
-180
28
-12
-52
-92
-132
-172
-180
-180
28
-12
-52
-92
-132
-172
-180
-180
28
-12
-52
-92
-132
-172
-180
-180
28
-12
-52
-92
-132
-172
-180
-180
28
-12
-52
-92
-132
-172
-180
-180
28
-12
-52
-92
-132
-172
-180
-180
28
-12
-52
-92
-132
-172
-180
-180
28
-12
-52
-92
-132
-172
-180
-180
28
-12
-52
-92
-132
-172
-180
-180
28
-12
-52
-92
-132
-172
-180
-180
28
-12
-52
-92
-132
-172
-180
-180
28
-12
-52
-92
-132
-172
-180
-180
28
-12
-52
-92
-132
-172
-180
-180
-12
-52
-92
-132
-172
-180
-180
-180
-12
-52
-92
-132
-172
-180
-180
-180
-12
-52
-92
-132
-172
-180
-180
-180
-52
-92
-132
-172
-180
-180
-180
-180
-92
-132
-172
-180
-180
-180
-180
-180
-132
-172
-180
-180
-180
-180
-180
-180
-172
-180
-180
-180
-180
-180
-180
-180