-52
-172
-180
-180
-180
-180
-180
-180
-12
-52
-92
-132
-172
-180
-180
-180
-12
-52
-92
-132
-172
-180
-180
-180
-12
-52
-92
-132
-172
-180
-180
-180
-12
-52
-92
-132
-172
-180
-180
-180
-12
-52
-92
-132
-172
-180
-180
-180
-12
-52
-132
-172
-180
-180
-180
-180
-12
-52
-132
-172
-180
-180
-180
-180
-12
-52
-92
-132
-172
-180
-180
-180
-12
-52
-92
-132
-172
-180
-180
-180
-12
-52
-92
-132
-172
-180
-180
-180
20
-12
-52
-92
-132
-172
-180
-180
20
-12
-92
-132
-172
-180
-180
-180
20
-12
-92
-132
-172
-180
-180
-180
20
-12
-92
-132
-172
-180
-180
-180
20
-12
-92
-132
-172
-180
-180
-180
20
-12
-52
-92
-132
-172
-180
-180
-12
-52
-92
-132
-172
-180
-180
-180
-12
-52
-92
-132
-172
-180
-180
-180
-12
-52
-132
-172
-180
-180
-180
-180
-12
-52
-132
-172
-180
-180
-180
-180
-12
-52
-92
-132
-172
-180
-180
-180
-12
-52
-92
-132
-172
-180
-180
-180
-12
-52
-92
-132
-172
-180
-180
-180
-12
-52
-92
-132
-172
-180
-180
-180
-12
-52
-92
-132
-172
-180
-180
-180
-12
-52
-92
-132
-172
-180
-180
-180
-52
-172
-180
-180
-180
-180
-180
-180