-180
-180
-180
-180
-180
-180
-180
-180
-180
-180
-180
-180
-180
-180
-180
-180
-180
-180
-180
-180
-180
-180
-180
-180
-180
-180
-180
-180
-180
-180
-180
-180
-60
-36
-126
-102
-180
-180
-180
-180
-180
-180
-180
-180
-180
-180
-180
-180
-180
-180
-180
-180
-180
-180
-180
-180
-180
-180
-180
-180
-180
-180
-180
-180
0
53
-100
-91
-180
-180
-180
-180
-62
-34
-180
-180
-180
-180
-180
-180
0
53
-164
-155
-180
-180
-180
-180
-33
-19
-180
-180
-180
-180
-180
-180
-130
-98
-180
-180
-180
-180
-180
-180
-180
-180
-180
-180
-180
-180
-180
-180
-97
-65
-180
-180
-180
-180
-180
-180
-180
-180
-180
-180
-180
-180
-180
-180
0
28
-180
-180
-180
-180
-180
-180
-180
-180
-180
-180
-180
-180
-180
-180
-180
-180
-180
-180
-180
-180
-180
-180
-180
-180
-180
-180
-180
-180
-180
-180
-180
-180
-180
-180
-180
-180
-180
-180
-68
-59
-180
-180
-180
-180
-180
-180
-180
-180
-180
-180
-180
-180
-180
-180
-27
-3
-93
-69
-159
-135
-180
-180
-180
-180
-180
-180
-180
-180
-180
-180
-180
-180
-180
-180
-180
-180
-180
-180
-180
-180
-180
-180
-180
-180
-180
-180
-180
-180
-180
-180
-180
-180
-180
-180