-12
-60
-116
-156
-172
-180
-180
-180
-12
-60
-116
-156
-172
-180
-180
-180
-12
-60
-116
-156
-172
-180
-180
-180
-12
-172
-180
-180
-180
-180
-180
-180
-12
-172
-180
-180
-180
-180
-180
-180
-12
-172
-180
-180
-180
-180
-180
-180
-12
-172
-180
-180
-180
-180
-180
-180
-12
-60
-172
-180
-180
-180
-180
-180
-12
-60
-132
-172
-180
-180
-180
-180
-12
-60
-132
-172
-180
-180
-180
-180
-12
-60
-132
-172
-180
-180
-180
-180
20
-12
-172
-180
-180
-180
-180
-180
20
-12
-172
-180
-180
-180
-180
-180
20
-12
-172
-180
-180
-180
-180
-180
20
-12
-172
-180
-180
-180
-180
-180
20
-12
-156
-172
-180
-180
-180
-180
20
-12
-52
-156
-172
-180
-180
-180
-12
-52
-84
-156
-172
-180
-180
-180
-12
-52
-84
-172
-180
-180
-180
-180
-12
-148
-172
-180
-180
-180
-180
-180
-12
-44
-92
-148
-172
-180
-180
-180
-44
-92
-172
-180
-180
-180
-180
-180
-140
-172
-180
-180
-180
-180
-180
-180
-36
-68
-100
-140
-172
-180
-180
-180
-36
-68
-100
-172
-180
-180
-180
-180
-68
-132
-172
-180
-180
-180
-180
-180
-28
-68
-108
-132
-172
-180
-180
-180
-28
-68
-108
-132
-172
-180
-180
-180