-180
-180
-180
-180
-180
-180
-180
-180
-164
-124
-180
-180
-180
-180
-180
-180
-124
-84
-180
-180
-180
-180
-180
-180
-84
-44
-180
-180
-180
-180
-180
-180
-44
-4
-180
-180
-180
-180
-180
-180
-180
-180
-180
-180
-180
-180
-180
-180
-180
-180
-180
-180
-180
-180
-180
-180
-180
-180
-180
-180
-180
-180
-180
-180
-44
-4
-180
-180
-180
-180
-180
-180
-124
-84
-180
-180
-180
-180
-180
-180
-180
-180
-180
-180
-180
-180
-180
-180
-180
-180
-180
-180
-180
-180
-180
-180
-180
-180
-180
-180
-180
-180
-180
-180
-84
-44
-164
-124
-180
-180
-180
-180
-180
-180
-180
-180
-180
-180
-180
-180
-180
-180
-180
-180
-180
-180
-180
-180
-180
-180
-180
-180
-180
-180
-180
-180
-180
-180
-180
-180
-180
-180
-180
-180
-124
-84
-180
-180
-180
-180
-180
-180
-44
-4
-180
-180
-180
-180
-180
-180
-180
-180
-180
-180
-180
-180
-180
-180
-180
-180
-180
-180
-180
-180
-180
-180
-180
-180
-180
-180
-180
-180
-180
-180
-44
-4
-180
-180
-180
-180
-180
-180
-84
-44
-180
-180
-180
-180
-180
-180
-124
-84
-180
-180
-180
-180
-180
-180
-164
-124
-180
-180
-180
-180
-180
-180
-180
-180
-180
-180
-180
-180
-180
-180